observation_seed,num_observation
35,336
